1292052
1295644
1292720
3541415
1292722
1291561
3793023
1291546
1292001
3742360
1849031
3319755
1929463
1652587
1292213
1292370
1292215
2129039
4920528
2131459
1292064
1291549
3011091
25662329
1889243
4739952
1291560
1307914
1292223
1292063
1299398
1293839
1309046
1295124
1978709
2209573
26363254
10574622
1292220
20495023
1485260
3075287
26387939
1292343
26683290
1293544
4873490
1291841
1308807
1292402
3287562
1298070
6786002
1291999
1291583
1306249
2334904
24751756
1907966
19944106
10574468
1418834
1291832
1298624
4023638
1302425
1780330
1482072
25805741
1306029
11026735
21318488
1291828
1851857
4268598
11529526
26277313
4305436
26861685
4920389
25964071
1291571
1308817
5308265
1294639
1862151
2149806
1866479
25986180
1301753
1418200
1297192
1291843
1292401
6973376
25815034
1783457
26862829
1291552
24405378
3011051
1292365
11525673
25934014
3792799
1300267
1292224
3649049
1309163
1291578
3072086
3077412
1291875
4237879
1316510
3005875
1291572
26580232
1291548
2043546
1308575
2353023
1291543
1787291
1760622
2213597
2268359
1304447
4191644
1292286
3395373
1293350
1292328
1297447
26698897
4202982
1309199
1295038
3011235
3824672
25921812
2161696
3821067
5350027
27038183
26325320
2124724
25864085
1292679
3313801
3734112
1292849
4917726
1291557
1828115
26862259
26607693
1291545
6386345
3205624
26311973
2135981
3233635
1292528
1294408
1305164
3530403
3364223
24773958
1794171
26366465
1291858
1297359
3804891
1291550
1291579
27024903
3068206
6307447
25723907
6517421
1297630
1292274
25827935
1900841
1292217
23761370
5323968
1304073
3274505
4271894
25726614
25798222
10485647
1432146
25717233
1303394
10463953
1305487
3793783
1291870
24404677
3072124
1292659
20376577
1296339
7065154
4724739
2146991
3006772
2365260
24719063
4746257
3025375
1308779
1309060
4202302
1293318
1859036
4915857
4286017
25773932
1291818
1296736
1438652
10741834
1291586
1309101
1966182
1307811
3731581
4066206
1299131
1315574
6799191
2053515
2336785
3626416
6722879
3158990
1293088
3610047
3592853
21360417
5045678
3596502
3737102
5344178
1293351
6890730
1292287
25765735
3986493
1291990
3227410
1299327
3041806
10533913
6860160
1305690
1309172
6390823
1298038
21937445
1820156
1297518
1308857
3231742
25820460
1291580
1418192
6982558
1304102
1302827
1578714
25801066
4151110
1292233
3011308
25710912
24745500
1858711
1433360
1961963
5977835
10807909
1296996
1291585
1292062
1292262
25895276
1578507
1293359
10577869
1305065
6730004
24743711
1301168
2998270
5327268
10440138
1309043
3592854
26289144
1291853
7054120
4896263
3442220
25983044
1937946
4807924
1959877
1419936
3168089
11606328
1388216
1293172
3771562
25937854
4136036
6874741
2051007
2132495
1793491
1297574
3789848
21937452
2973079
7054604
4212172
1291544
21324900
24751763
1298128
1866473
25786060
1306612
1329936
1293182
25798448
1297052
3820191
6534248
3230459
1309055
24753477
3412882
1307739
2300586
2124703
1294638
4876722
25870084
3642835
6522269
1885124
3066739
26260853
5322596
4896304
4319218
10605978
26270502
25980443
1292523
2156528
3718279
1307106
10777687
1457217
1292434
4709904
1418070
21352814
1297747
1981242
1308767
1292275
1920805
24879858
1292208
1302467
3003830
3148027
6126442
1433330
1428175
10741643
1308804
2131940
1777612
2363876
25662327
6311303
1301445
25807345
1297570
3240208
6549903
4218768
10727641
1418752
3007773
1295409
21941804
3016187
4848115
26302614
11589036
1300300
1295865
1793929
10512661
26378579
5422105
3148748
25821634
1302987
3071441
5989818
26799731
1329950
26811587
2357162
6874403
1308741
1304141
1972729
1297223
26752852
3233761
1291844
1329562
26942674
1308820
7046723
4206357
1293203
4059245
1297863
1295250
3412830
1291575
1437342
3077791
2138838
1293964
1292225
4206436
1306160
25900945
1292728
1950148
25884801
1303173
24843198
1303021
6011806
1835843
3008247
26883064
1308865
1484091
1792928
2213591
1466007
25917973
1308843
1299288
1303037
6873143
1294240
6537500
26614893
1927686
6041191
26280528
2129132
1292219
1308777
1306123
1291555
4914468
3578981
26816383
1291835
1293013
1945330
1302476
1305265
1298653
25769362
1291577
3642843
1309069
4051753
20438962
25724855
25777636
1890784
1302090
2997076
26259677
1307694
11510624
1307023
26611804
26322792
1304585
6011805
1292484
26630781
2133323
10455629
25779218
1307323
25920885
6560058
6874456
1293531
3073124
1857099
5964718
25919910
1296753
1419297
3993588
3078609
4822848
1865703
1293530
1291581
1291879
1866471
3094909
24721493
24750534
1949312
2297265
1305724
1294833
26606743
20645098
20505982
1465829
3732780
1905462
6080775
6985810
1292271
1325958
24750126
1305903
4190211
2124586
26727273
25911694
1867345
1767042
1783772
1291822
3683409
20326665
1292212
3550132
6829652
2209575
26662193
1301459
1907464
2028677
1297018
1306809
1308076
1844413
26416603
1401524
4913200
1309201
25814705
25698722
26926321
11624706
1291584
1308570
1298744
4824512
24875534
5319835
6019180
1292371
1316572
1763134
6082518
4843637
25662337
3882715
2369845
24847340
1393859
1300498
1304970
10491666
6872273
1308747
1295280
1945336
20471852
3279080
2303845
11803087
1304022
1298898
1300618
1499008
1766086
6846495
1499148
1419969
10757577
3179706
1308974
3190880
3230462
4922787
24753810
4847665
25895901
1418019
1863766
19973815
1307793
5996801
3546019
4924142
1300960
1978369
1296909
26035290
24879839
1303203
6129693
1308751
2132473
4881607
1303246
4249355
2158490
3289086
25824686
6395245
1301171
3178770
24815950
1291554
1309052
25823277
2359431
20470074
1292329
3025447
1295229
3143676
25790761
2049435
26309788
1292214
1291824
25745752
25954475
1308722
26354572
1309059
1308755
1308776
1947089
25812712
1765009
2294568
3670447
1303815
11502153
1920796
6558062
21817627
24879820
4798888
2223596
10808442
1308848
4160540
24751754
26787574
2037796
4942776
2037012
1914831
6875263
26320029
1498818
1308587
1418189
1301578
3011102
3928370
1292270
1421823
1297102
1308753
25814707
26425068
25890005
1292222
1306505
1498831
1308858
4301224
26628357
10763164
1291992
2998373
1300374
1293323
26639958
1306861
25977027
1291868
26688480
10344754
24736566
1759386
1295242
1300656
6878446
1308833
3990470
1939414
24827406
1292553
1293929
1820145
26266072
1418605
1297478
21349345
3269068
4133988
1299603
6037429
1781126
1304854
26284621
2153526
2027938
3041294
1299680
1919245
25808075
1307014
1292056
4707230
1293124
1299661
11620560
2028645
1308752
1401533
1309016
5502697
3157605
5993185
25858759
3434070
10590706
4176542
20388223
3168086
20513059
2338055
3443389
3754946
1937502
24827387
3813779
3552028
26588314
1482911
10831445
25894431
4004731
3279107
25823132
1949811
1915403
1291869
10535568
1418190
1300741
1441602
24697949
1293708
6057942
25787888
1306951
3726072
2257732
1300868
4728584
1308799
2028666
10726941
6879185
1296778
25818101
10606004
25750969
3560787
10833924
1441238
4133814
1294963
1895120
3718424
6791750
3291930
3908423
1294371
2063914
1293460
1291838
1309021
26336253
3993559
1307332
1300064
1998799
1294417
10545939
2132932
26647117
3991933
3006309
6782006
5323957
1292226
1395091
1474185
5360033
4804079
1305355
5317291
6040982
1439890
3103678
1891179
3001077
1293825
1304899
1309020
1950525
1433577
1307315
6532822
1296141
25723583
1301746
3569910
3126196
1300616
3071604
25872931
1853176
1304641
1298525
1307394
26182910
2078864
25929151
23331914
2969282
1296436
1291842
1305279
1867408
1301726
23788440
5960606
1301890
26430092
1298644
5290729
2138507
23232876
10604486
1291847
2368641
1309103
3289081
11625097
2334814
4769314
1428878
25837262
1293173
1477894
1866475
4164444
3011093
1305725
21349734
1819388
2354729
1304624
1298586
26393561
10594965
3041269
10833923
3742937
1307542
1291574
3895511
26761935
20435622
1296217
1305666
26997663
2028669
1291839
4009651
11502973
1309203
5194471
2997052
25862357
1764730
2303163
2373195
25746375
26683723
26726098
1306808
3102668
2082013
4196129
1408312
10727268
25827963
2277018
1947549
25755645
3804629
16475702
4942778
1806555
10576419
25786077
25858785
1294927
2156663
25933890
6533054
25966085
1793903
2028585
26259634
2363506
1291836
22939161
23997724
1300117
3711760
1309084
1297689
3338862
25752261
4226741
1294990
3006783
6844868
5384548
3036473
20278505
2132930
3041264
1301617
1297995
1301174
2998253
3569911
2153527
1293181
3217169
4718369
1304056
1412579
2159331
1945549
25826612
1295399
3654340
24847343
1301345
4906427
1309004
3652302
1474180
1786739
2044089
2033822
4097023
1296078
11584019
1300069
26761416
26741568
26430107
1433990
24741412
1997685
26826398
26575103
7051830
26718838
1293353
1307696
1301509
10537853
1293135
2209368
20020577
1397546
1300992
1438760
1292973
1994876
1296201
27133303
1292229
6146955
3920977
1292218
1292326
4826330
3344570
1300566
1295045
1299643
1863947
26235354
1294007
1390020
1298112
1829654
3734350
1300555
3078517
1607471
1292048
6536180
6900092
26303622
26290365
1300883
2286642
3743114
5374383
1294950
27019527
1293555
25831874
1297544
1793912
2357708
1300303
1293702
1297763
25975243
26310143
26354336
1296629
3060542
10437779
1294766
6557005
1291582
26586766
3777800
5364905
1297131
1756073
1297291
6991110
1292348
1315316
1293167
1298759
25897313
1962116
1793909
27027913
10772258
3804470
26298935
5908477
10746175
1782004
3217122
3036997
3926132
1467044
26411410
26410594
5318669
1927369
25839052
11443314
1293377
1291588
6097775
3532614
3338851
1295253
1421809
1293818
1292344
4826419
26790961
3264045
1829230
3217149
20388198
3718447
1369747
26021055
1299765
26879060
26384741
3077668
1763132
1309160
4935011
3578925
1291562
26313973
2222996
6845667
2018131
25994712
25834473
25777330
2996640
26727298
25774050
1892531
25926267
2131654
1298443
3011225
1440703
6846893
20451290
11610281
1303139
10598440
1299080
1469441
1451430
6803494
3312344
11810348
1946882
1295965
1307762
2054026
1292267
6424814
1652618
1307442
3314870
1428576
25966044
3805946
4811813
5360889
1307527
6880497
1299745
1308819
2044102
6537486
3606971
1436900
3623024
1972698
22265634
21359619
1309220
3179758
6124012
1949812
20266753
4036000
2997134
25713408
1428602
1295686
1851906
21339675
1937401
1293838
5250583
1292047
1308811
4111416
25955491
1306317
2147854
25932086
21441132
1307740
2063528
1997679
6985803
1293399
6021916
25853727
1329962
3819877
4724373
1294561
10561953
26363830
4903613
2065021
3646523
1308827
1304677
1306939
1760104
1393479
10733376
1433736
1294362
25761178
1951318
2326676
1395776
1301948
25785314
4889554
3230115
3275168
5996800
1468155
1293315
26648249
5262338
11598977
26358696
1296384
3346464
5377708
3036464
1986338
1306526
6390825
26290642
1292289
24702659
1300613
4821046
23775560
26895171
25750923
1863955
1307657
24987018
1297909
26588970
1482077
26773744
4062922
1300220
1293792
26022182
1305333
25793398
1863941
1959195
1299193
1876781
1291851
26606242
4230918
3104794
22266126
26602244
1471507
1293434
3268216
3305873
1303184
25823833
1466394
1308655
1293527
26816086
4301181
1439579
1292704
1309136
2279152
1299059
3335371
1410556
1790373
2974278
26235349
26698000
26334559
4323732
3074503
1431699
26359270
26301582
3604148
27113517
25738406
1301106
1307697
1307389
5360890
3009161
1297862
1781636
6873736
1883755
20257326
3078390
1293145
1864810
27059130
1585146
1782142
3212120
3262939
10438426
20513061
26657015
20514947
1863923
22523356
2154096
1465037
6527269
1878360
6225992
1300945
1431718
5244092
2210031
3897667
4707205
3321409
3609075
2132120
1870436
7059671
26337866
26427831
24735062
3569943
26353372
25805054
2148257
27140017
4845414
1866264
1300055
1291936
22715021
2147836
1299362
1394968
3824274
1585236
10047547
1316580
1301169
1459368
19957083
1291573
1293764
2357703
1291558
25766754
27031389
1292049
4967578
26776350
25964630
4135434
6873657
2157130
1305053
1428578
1295384
20416430
1309078
3804746
1292272
1308854
1302642
3041749
6887029
4154669
1309064
1307847
1298909
1915312
1293607
3011997
1303907
1292895
10810745
24860563
1300275
2076181
1291840
6952149
1292055
3023164
3566266
1764796
1296253
25819229
11614603
1437109
1455979
3150816
2052978
3732499
3628370
1293475
3198015
1760027
4116480
1292211
26000205
1853621
5990367
5977836
2357707
25809384
1295340
4116481
1307043
7064681
3007817
2054933
1400665
3808604
3606975
1300395
1292337
1872133
1292281
26813221
26140241
2080133
1293258
3387546
11501396
25830732
26389696
3155477
1856299
25928794
1304643
26437237
25757186
2157131
21327493
1308111
1401535
1482394
1786742
1294183
3586996
1304485
1428577
2085020
20444530
1309070
1302977
3792816
3077742
10540066
1307354
26340419
1303590
1297756
26775933
1470600
3397503
6062731
10748120
1419974
1292268
1860377
2976111
26593587
1297785
3745292
1306662
26797419
25995508
2154859
25908042
26703457
11526817
10450409
26322642
1302303
3592859
26748673
2181930
3824339
26640371
7155083
5908478
1390021
1291565
10484117
1898223
1484760
3992226
4066125
1292260
1381964
1308838
26794215
2132220
2174535
1457573
1292624
1293537
1292234
1830590
1291859
5285669
1790577
2003389
21263666
2214140
24700578
6869395
24860318
26661191
1337286
2357701
1584750
1849959
4817901
2361823
2346881
25835293
1304972
3823425
2251924
24751757
4944008
1298040
3073158
1463371
2983389
1310174
3792848
26898192
2215609
25817534
1300108
26389069
2055017
1340517
4914616
6007281
1292288
26774722
4202204
1428581
3754382
2132412
1827955
1786740
10439358
1294941
5397537
1422920
1293414
10432911
24736526
10617158
1305197
11516684
26921674
1401118
24529353
1476023
10450713
1938312
6013893
4767216
25713420
2279772
1300608
1291568
1400868
2357711
25958787
1394819
1296528
1307849
2357719
1305713
1478926
24397586
1817169
1850963
6128003
3338821
3013580
25881247
2081098
3626365
1477448
2369549
3018122
11600078
5154799
3606973
4145476
10484041
1300056
1306607
1297965
1394324
26600660
1773217
26717795
3718269
25838463
1295374
3880545
1305224
1296011
1482055
6753166
1325399
4135710
10807916
3626372
1431683
1418191
10571509
1297068
2338058
1848925
21332518
1301912
1860745
1473074
1433673
20277632
26314816
3024838
1800597
10537919
3769423
1295647
6312211
1394488
2270390
3430271
2057171
26694988
1817253
5387041
4798707
1292450
3130180
1305541
1509868
1306154
1294262
1292697
4256328
26269510
1432180
2978224
22733673
25908051
4215790
1292925
26279433
1418640
1296992
26658568
1304826
1297151
10741220
26754831
11524967
26654146
1292529
1307766
5294324
1298346
20388224
3215640
1293765
6110546
26816519
26966580
6738760
5153329
1417051
2999913
1921583
1914652
11584016
3305722
1302678
23055587
1303376
2054024
1300282
1307955
1294323
2147121
1466897
1310177
25849006
1295120
2254648
3284269
26665065
3120852
1890572
10766459
2253613
1947144
3011049
3114109
3073073
3267120
2156945
3036478
1431947
1296717
1309044
1306471
6393127
1388175
1758810
2301701
26605881
2357713
1309071
1293050
1867335
4312232
25825412
3286528
1297929
1401205
21766654
1300359
1304397
26820448
1295292
25881786
1301283
1308749
2364054
26279289
1292718
1307853
1308338
1453238
3003137
4196227
25809181
1304608
1308851
25742294
3217165
1295318
25855071
1937621
2131291
3602084
2244363
1303630
1295469
1304898
26376454
2031438
2357699
4905040
3017651
3074408
3227335
1299153
2256034
4711195
3244162
1295485
4022090
5965670
1299361
1296987
6828823
4927382
3231740
2010972
26287884
3026357
2982823
1293908
3399559
3914513
26375609
1417946
3033864
3792508
1299062
5958582
26425072
2010975
26581830
1299769
1294136
20258941
1450031
3732800
26743573
3873960
5327463
10561898
1858802
26704620
6985315
7916027
1947091
2144242
2230888
1890157
1441801
4858775
26704590
2030778
6796133
1308995
1299624
3197006
6068516
26766869
6827727
1985677
1292699
4830478
1578509
23126901
5967821
1457218
3286552
1306541
1292950
1304708
1299383
21350556
1293422
2072478
6313765
1815638
3262050
5044737
2037833
1292067
3445906
25444447
2122766
3101548
1295873
1294829
5153254
24904361
3036460
2083944
6984064
4035906
4915107
1296837
4312428
26264454
4078562
25958717
3262918
3901388
1294037
2993424
25885442
3402101
3169043
4074009
2216326
21339708
1294490
2255841
1304038
1794435
26363186
1305046
1294621
1296978
1307690
3015835
1315570
4304402
1294671
1292769
1464338
1299092
26930540
2270545
1294194
24297912
1305466
10521648
2138382
1422952
2032236
25940269
25708579
26340522
3286531
10743974
2043465
1853160
3882759
3736637
2227293
1308599
1304282
1293120
1302100
26628329
1971111
1419933
1292506
1308047
25955779
2117898
1298120
1302795
1308764
26219652
25966028
2336737
3642866
1468154
2222995
7051900
1308620
3071469
20515977
1305068
26282448
1323749
1305114
6738735
1299513
10573695
10793510
1892578
3933008
1297880
10745405
24325923
1396313
1949328
26945085
1293867
1306730
4896894
2989755
1297304
1422063
22265299
2147129
1307181
1306421
1299981
1301198
20443013
1309116
4004715
1830528
1460996
1308831
2994851
25829175
1302109
1308748
26759539
10827341
26290367
3914500
1301757
1305182
1306319
4100696
25875021
2357717
1294114
25859495
3077413
2297275
25911595
1305306
1299054
1304642
1295064
3250377
3103683
1395471
1837856
26802975
1301582
1296519
1926007
25815008
1419416
4271832
1307906
4043763
1303010
1300685
1457707
4728471
3286536
25881780
2248757
1432972
1917074
5985961
2085721
1293265
6796158
6873042
3263820
26235839
1295872
1301715
24695277
1465668
2295401
3147941
1322848
1309120
1292330
3212221
1427816
22266012
1308520
26615208
2230906
11500954
1807959
1756584
1299243
25953429
1782006
1322851
6142597
20426995
1416728
1439831
3292384
10604892
1478186
1297659
1436674
3418187
1827713
3111355
26616690
25875034
1296157
1292504
11627047
1786743
6729183
5968334
1892510
5355187
1787277
1302434
1299374
26339213
3872249
3236904
26801052
25849475
2139553
1301061
25797778
25823840
1303485
3901418
11610693
10756863
3286538
2976123
1310159
4917705
1845625
4707209
25798131
26411409
1922152
1307748
4913185
3011459
3011574
25794212
19945757
2043155
11537954
1293799
26696879
20378811
3607666
1796053
2275370
23011215
26357945
26284595
1306737
25843976
1299837
4099231
1304530
1578685
1307868
4861627
2336783
3882839
22263645
6514105
6053679
1433556
3600972
1433342
26298756
4317617
2300450
20452350
1304942
1427318
3006424
3286543
2148391
1789283
7051270
1310185
25884416
1427834
1309054
1855834
1891211
3707070
3078386
1931974
3528554
10788846
1302753
10491641
3259993
24858414
4246125
1298189
10439236
6759229
11627068
1292279
27008416
1308757
4822829
1366853
2148394
2190914
1478064
5967223
1293470
10831449
4816602
1296666
1297233
26844438
25863020
3754368
3213173
1292792
26333560
1464448
1873750
5413527
1291937
25697098
2229576
1308762
26685451
3268241
4824515
1308232
1297294
26322999
1427818
26322774
4904662
1291850
1309115
3077408
4707596
1316513
20515070
3647523
5919538
1419581
19964006
2249531
1417728
25956520
1293471
25864124
1292332
1307747
2046839
1308769
1293824
3286547
1316693
1297517
7003416
2132187
25766529
5318665
2160565
1291833
4812830
2567646
3090455
6771529
3006302
3602965
2156704
2028647
1794082
25760591
11776289
25945280
6558801
1408100
20514902
1439487
4888039
1428877
3041753
3071509
26614082
1293755
1308078
25718082
3990098
3003836
3286548
5028536
2153480
3018123
25994747
1889152
4727460
1306664
10549480
1292531
2274948
1296196
3103186
3927734
1870044
6872244
1292216
1940867
26844922
20278812
1309088
25953663
1292207
25850122
2279825
1308290
1422086
26279202
3026572
1309015
3614963
3230165
7015798
10485526
1293317
26667056
4832825
2360882
3286549
4057312
3005496
1865561
1291566
6714078
1299250
2190934
2264715
10482125
1293374
2070367
1307702
1308554
27186619
26838164
25858758
2239286
1400668
6776051
1300265
1308699
1308573
2229479
1293926
6430835
3012257
25907063
20502514
1298874
26935251
1308429
3329192
3543956
26753020
1308855
1464563
25753166
26602304
1304026
3660428
1301409
1304338
5980670
1306894
19938222
1949005
1300537
26393509
26125779
3154909
1889242
1300528
26809592
3358309
1418919
25823412
1306692
1308482
3059036
1937257
25709273
3430169
6010171
1292065
3104798
1947080
1465035
1483507
1917171
6557144
2132941
1431685
1949761
1428051
2267369
4924694
1309192
2286012
10440076
21334420
25978126
3838279
10763157
3217894
26322644
1306666
25855951
1309171
26653833
1306802
1300246
25728010
1307319
1306785
2282449
1578503
2336735
4074158
1963070
26271868
1299120
1302271
10438691
3874981
1293749
10487226
25870057
1968790
26934346
1299550
25727048
1945780
1296693
26345137
24698878
1307052
2338160
26608228
6039412
25958704
25960944
4321270
2968813
2972166
1308927
26683725
2156754
26274910
1301886
6880590
26094129
1788392
1915393
3077680
1292550
10792650
26362351
3011072
1293731
2072848
1469049
3268171
3736691
1929497
3641108
24695966
10465145
1431946
10453723
2977957
26020814
1294461
3168993
1297710
25845393
2018076
6870362
1301465
24325861
4709671
1295646
6729121
2160611
1297003
1303773
26220650
10604893
1474243
1291553
26615572
6886518
2212156
1299889
1309086
6855097
3001472
1451911
1428055
26703158
1305179
1291559
26674019
26367601
3692611
1422106
3012013
1307372
21937450
1434184
7564989
1307781
1292780
25831308
26596486
1301359
26853460
2190925
3074307
1300894
4735944
1293566
2225321
1308772
1308288
2224813
1292347
10546747
1296334
2210001
3586725
2311147
1307931
1300082
1972701
3558661
26145033
26387728
26774033
4896305
2361826
1970134
6053731
1300659
1482132
25932015
4904661
1296769
1866424
3007826
25700838
10539856
1308850
1297991
27103757
3570688
2298282
1299649
1308829
25850443
3990500
1302769
5993138
2996855
1867332
3620686
1438093
1292264
2123510
24743712
1306057
1922656
3392569
26614088
26585014
1292677
2279817
25900177
5364987
1299952
2155676
1294789
25944714
1299365
5977478
4301043
7065161
1292341
10748074
4217426
4934987
2150220
3445526
26591654
26663086
26663070
20513355
2133340
3405642
1761854
1295815
6538833
25850705
1291852
3335464
1294948
1970437
3610676
26611801
3566709
1301434
1295428
6768838
1308860
25837175
4841238
2002924
6070226
19969225
5353344
25865470
1305703
1295078
5320233
1306439
4707585
1861411
1963067
1293155
1899125
4059238
4082544
4132407
10763928
10535562
1303451
1761848
25789352
1292850
25850640
26336281
25867546
1297970
20444535
1299247
6984051
6869412
1299035
1308742
2338019
1580620
1442129
4158027
1770547
5151939
2148374
1786755
1308892
1291587
25899379
2326212
3041281
25788426
10467774
26389148
6788265
1293456
2056093
2214169
25774051
3805953
1465390
2340927
1293515
3868141
2142535
1302235
1878605
26756049
2294255
3335463
1296454
3836070
26836808
26861629
1292962
1301865
1326038
1418660
25823275
1303535
3819871
2996790
26598021
1421278
1300830
1293234
1302455
3815920
2269893
1292625
1308715
1779632
1305034
1298204
3011617
26665269
1463872
20473389
1304726
5155038
1449381
4326412
11503638
1302061
3415993
3126187
26990609
1464837
1689787
1308978
3114200
4156402
1718150
3569969
1306334
1578669
2997155
4919019
1418519
25742299
26828285
1939173
26352462
1306130
1301630
4888853
2149804
1306911
2054070
1464368
2229427
6839145
26004132
26386034
2282511
25704588
1309047
25792690
1292396
2373267
3730636
5031441
6985986
1305582
24759014
1293174
1461964
2993217
2303112
1440855
4917698
4307476
10773239
3004532
3927750
1394424
26662345
4917905
27097811
1388196
5503303
4202127
1758487
2158222
1293071
26323031
7065168
1305183
1299292
2131669
1305071
1482107
1294893
1294791
1298252
3082452
5681006
3992381
2154868
20274039
3558640
4294119
22266320
1464540
1306799
1300044
24839498
1300353
1727557
1296359
25804453
1293142
5416070
2157150
27087788
2080007
2567647
3154003
3284397
1769507
1300752
26592971
1463224
1309042
2994961
1438689
27000061
2148619
26806061
3072064
26811832
1786753
1305158
26280710
6866928
4904026
2326215
3126164
1296203
2138299
3805091
21354116
26266085
3017655
1304091
4843480
1464838
5247088
2136181
1304648
3345619
5320600
4291876
2154743
4135704
3254235
3205571
2279816
26266666
2252773
26220717
5395263
4146512
1825679
6905169
2284418
26322809
3053521
1297187
1296272
1437204
2974273
26177736
1761172
1306983
6894811
26760160
3564499
1433232
7152895
11614086
25831326
6808702
1460915
1299711
2284851
2148799
4850563
24321344
25757187
1361276
1308120
3819939
3077948
1308979
1962508
1941242
25728590
27081753
3319741
5247059
1860528
3149087
6041194
1329286
3264229
11499033
1307807
26830087
5969409
1292206
1482079
26887064
2295811
1308596
26863778
10600271
1306518
1292577
26857793
1292867
25726259
26313740
1292269
1300361
3749974
25853073
1297715
6080840
1295684
1308750
2997325
1308005
2346994
1972732
5262027
1302673
2157176
5262339
26307755
3236520
26388908
3173528
1295742
1900840
3420455
25835285
3003093
1292829
25840705
1421721
1997681
25792670
1305735
4742378
1293396
1308156
3148089
3066083
1478066
2310144
1292757
3904560
1790377
25845910
24470523
2043283
1872272
3184572
1305248
26289126
1302050
25907029
1773834
2154862
6101834
4830911
3864306
1294584
3073875
6390832
1296026
1296102
4925398
1465086
21327512
20558374
1300802
1291878
24827545
1300678
1307463
2136824
25870236
2228525
1394825
26263443
3089571
1418194
1460932
2002743